% -------------------------------------------------------------------
%  Generated by MATLAB on 24-Nov-2020 10:56:07
%  MATLAB version: 9.9.0.1467703 (R2020b)
% -------------------------------------------------------------------
                                            

smiData = struct;
smiData.RigidTransform = struct;
smiData.RigidTransform(1).translation = ...
  [61.880230309303151 134.64698698463567 118.16250466887938];
smiData.RigidTransform(1).angle = 2.0943951023931975;
smiData.RigidTransform(1).axis = [-0.57735026918962651 -0.57735026918962651 ...
                                  -0.5773502691896244];
smiData.RigidTransform(1).ID = 'B[BaseAss-1:-:Body1Ass-1]';
smiData.RigidTransform(2).translation = ...
  [5.9645215364669681 -20.074239330589052 20.922175420251129];
smiData.RigidTransform(2).angle = 2.0943951023931953;
smiData.RigidTransform(2).axis = [-0.57735026918962584 -0.57735026918962584 ...
                                  -0.57735026918962584];
smiData.RigidTransform(2).ID = 'F[BaseAss-1:-:Body1Ass-1]';
smiData.RigidTransform(3).translation = ...
  [-21.835478463540486 33.72576066938764 20.922175420229451];
smiData.RigidTransform(3).angle = 2.0943951023931948;
smiData.RigidTransform(3).axis = [-0.57735026918962651 -0.57735026918962562 ...
                                  0.57735026918962518];
smiData.RigidTransform(3).ID = 'B[Body1Ass-1:-:Body2Ass-1]';
smiData.RigidTransform(4).translation = ...
  [-3.5471497881496283 27.242171470417983 27.412962920356328];
smiData.RigidTransform(4).angle = 2.09439510239319;
smiData.RigidTransform(4).axis = [-0.57735026918962784 -0.57735026918962384 ...
                                  0.57735026918962562];
smiData.RigidTransform(4).ID = 'F[Body1Ass-1:-:Body2Ass-1]';
smiData.RigidTransform(5).translation = ...
  [-5.8971497881448052 27.242171470409243 247.21296292036232];
smiData.RigidTransform(5).angle = 2.0943951023931895;
smiData.RigidTransform(5).axis = [-0.577350269189628 -0.57735026918962373 ...
                                  0.57735026918962562];
smiData.RigidTransform(5).ID = 'B[Body2Ass-1:-:Body3Ass-1]';
smiData.RigidTransform(6).translation = ...
  [0.681844203551961 32.363250360282024 14.684595954751668];
smiData.RigidTransform(6).angle = 2.0943951023931957;
smiData.RigidTransform(6).axis = [-0.57735026918962584 -0.57735026918962584 ...
                                  0.57735026918962562];
smiData.RigidTransform(6).ID = 'F[Body2Ass-1:-:Body3Ass-1]';
smiData.RigidTransform(7).translation = ...
  [44.131844203551061 34.863250360293144 161.98459595474412];
smiData.RigidTransform(7).angle = 2.0943951023931957;
smiData.RigidTransform(7).axis = [0.57735026918962573 0.57735026918962573 ...
                                  0.57735026918962584];
smiData.RigidTransform(7).ID = 'B[Body3Ass-1:-:Body4Ass-1]';
smiData.RigidTransform(8).translation = ...
  [52.059485235569944 29.781991129762666 141.67329221343468];
smiData.RigidTransform(8).angle = 1.0662858530580406E-14;
smiData.RigidTransform(8).axis = [-0.43291746858264013 -0.90143356127670271 ...
                                  2.0805707334549036E-15];
smiData.RigidTransform(8).ID = 'F[Body3Ass-1:-:Body4Ass-1]';
smiData.RigidTransform(9).translation = ...
  [3.3633349677637536 40.27790162362421 -38.957271866773965];
smiData.RigidTransform(9).angle = 1.5707963267949003;
smiData.RigidTransform(9).axis = [-1 -8.32667268468864E-17 -8.3266726846886408E-17 ...
                                  ];
smiData.RigidTransform(9).ID = ['AssemblyGround[Body4Ass-1:EEAss-1:Blok' ...
                                'ken3.step-1]'];
smiData.RigidTransform(10).translation = ...
  [3.3633349677636981 51.777901623624281 -38.957271866774];
smiData.RigidTransform(10).angle = 1.5707963267949003;
smiData.RigidTransform(10).axis = [-1 -1.6653345369377282E-16 -1.6653345369377282E-16 ...
                                   ];
smiData.RigidTransform(10).ID = ['AssemblyGround[Body4Ass-1:EEAss-1:Lej' ...
                                 'e2.step-1]'];
smiData.RigidTransform(11).translation = ...
  [3.3633349677637536 65.777901623624174 -38.957271866774065];
smiData.RigidTransform(11).angle = 1.570796326794893;
smiData.RigidTransform(11).axis = [1 -1.6653345369377343E-16 1.6653345369377343E-16 ...
                                   ];
smiData.RigidTransform(11).ID = ['AssemblyGround[Body4Ass-1:EEAss-1:Lej' ...
                                 'e2.step-2]'];
smiData.RigidTransform(12).translation = ...
  [3.3633349677636981 44.877901623624204 -38.957271866773979];
smiData.RigidTransform(12).angle = 2.0943951023931979;
smiData.RigidTransform(12).axis = [-0.57735026918962662 0.5773502691896264 ...
                                   0.57735026918962418];
smiData.RigidTransform(12).ID = ['AssemblyGround[Body4Ass-1:EEAss-1:Skr' ...
                                 'ue2.step-1]'];
smiData.RigidTransform(13).translation = ...
  [3.3633349677636981 51.777901623624281 -38.957271866774008];
smiData.RigidTransform(13).angle = 1.570796326794893;
smiData.RigidTransform(13).axis = [1 -8.3266726846886716E-17 8.3266726846886691E-17 ...
                                   ];
smiData.RigidTransform(13).ID = ['AssemblyGround[Body4Ass-1:EEAss-1:Bol' ...
                                 't2.step-1]'];
smiData.RigidTransform(14).translation = ...
  [23.830386393519976 165.69573988594843 -0.91533792838389971];
smiData.RigidTransform(14).angle = 3.1415926535897931;
smiData.RigidTransform(14).axis = [0 -0.70710678118654613 0.70710678118654891 ...
                                   ];
smiData.RigidTransform(14).ID = ['AssemblyGround[Body4Ass-1:EEAss-1:H', char(26), '' ...
                                 'ndtag v4.step-1]'];
smiData.RigidTransform(15).translation = ...
  [-34.803849732193804 -23.495910493861683 161.70556408020747];
smiData.RigidTransform(15).angle = 0;
smiData.RigidTransform(15).axis = [0 0 0];
smiData.RigidTransform(15).ID = 'AssemblyGround[Body4Ass-1:EEAss-1]';
smiData.RigidTransform(16).translation = ...
  [-2.0939356082635 25.11818399938387 13.895961923525102];
smiData.RigidTransform(16).angle = 3.1415926535897865;
smiData.RigidTransform(16).axis = [-0 -1 -0];
smiData.RigidTransform(16).ID = ['AssemblyGround[Body4Ass-1:EEHolderAss' ...
                                 '-1:Servo-Disc-2]'];
smiData.RigidTransform(17).translation = ...
  [17.406064391736365 12.618183999383859 51.895961923525022];
smiData.RigidTransform(17).angle = 0;
smiData.RigidTransform(17).axis = [0 0 0];
smiData.RigidTransform(17).ID = ['AssemblyGround[Body4Ass-1:EEHolderAss' ...
                                 '-1:Servo-disc-link_MX-28T-1]'];
smiData.RigidTransform(18).translation = ...
  [35.756064391736409 25.11818399938387 13.895961923525102];
smiData.RigidTransform(18).angle = 0;
smiData.RigidTransform(18).axis = [0 0 0];
smiData.RigidTransform(18).ID = ['AssemblyGround[Body4Ass-1:EEHolderAss' ...
                                 '-1:Servo-Disc-1]'];
smiData.RigidTransform(19).translation = ...
  [65.955447159095016 54.900175129146525 139.57935660516989];
smiData.RigidTransform(19).angle = 3.1415926535897909;
smiData.RigidTransform(19).axis = [0.70710678118654779 -1.2953262784141138E-15 ...
                                   -0.70710678118654724];
smiData.RigidTransform(19).ID = ['AssemblyGround[Body4Ass-1:EEHolderAss' ...
                                 '-1]'];
smiData.RigidTransform(20).translation = ...
  [10.46452153646632 -18.574239330612418 5.9221754202292978];
smiData.RigidTransform(20).angle = 1.5707963267949003;
smiData.RigidTransform(20).axis = [1 8.3266726846886519E-17 -8.3266726846886408E-17 ...
                                   ];
smiData.RigidTransform(20).ID = ['AssemblyGround[Body1Ass-1:Servo-link-' ...
                                 'link_MX-106T-2]'];
smiData.RigidTransform(21).translation = ...
  [5.9645215364628745 33.7257606693876 20.922175420229465];
smiData.RigidTransform(21).angle = 1.570796326794897;
